11.01 8957
12.4 9292
12.45 9262
12.81 8512
12.92 8864
13.42 8938
13.43 8685
13.69 9484
13.78 9278
13.81 8835
13.91 9677
14.01 9418
14.08 8579
14.11 8803
14.12 8738
14.16 8716
14.16 8731
14.19 8819
14.24 10179
14.35 8968
14.69 8751
14.85 8829
14.95 8755
14.98 9414
15.07 8844
15.1 8303
15.12 9693
15.29 9487
15.42 10359
15.48 8317
15.67 9500
15.73 8531
15.76 8054
15.77 8815
15.8 9517
15.91 9502
15.96 8935
15.97 9212
16.08 9273
16.11 9679
16.32 9706
16.44 8865
16.51 8503
16.61 11249
16.74 8910
16.79 10489
16.88 9385
16.96 11234
16.97 10011
17.07 8598
17.07 9966
17.12 8953
17.28 8001
17.35 8065
17.41 8004
17.44 8305
17.45 13652
17.69 13688
17.78 10887
17.87 8697
17.99 9838
18.01 10390
18.02 13738
18.02 9964
18.09 8267
18.11 10375
18.24 9724
18.33 13639
18.38 8048
18.49 9198
18.56 9824
18.59 9953
18.79 10380
18.84 9808
18.88 9297
18.95 10364
19.05 10342
19.07 9401
19.11 9215
19.17 13641
19.2 8535
19.26 12295
19.31 13749
19.36 9194
19.36 9854
19.47 8516
19.54 11674
19.61 8180
19.7 8702
19.73 12274
19.8 9712
19.81 11265
19.81 11375
19.88 11314
19.97 10393
20.0 9260
20.01 10793
20.01 8479
20.02 13687
20.05 12775
20.11 11270
20.11 12579
20.12 10776
20.12 8611
20.13 10527
20.14 10456
20.33 10798
20.35 10839
20.42 9805
20.49 8495
20.75 8162
20.76 11140
20.78 13732
20.86 8323
20.89 12237
20.91 11376
20.93 8086
20.94 10905
21.02 8166
21.07 10840
21.07 11901
21.09 11742
21.13 8362
21.16 13517
21.24 12060
21.25 13528
21.4 11737
21.58 12770
21.64 12315
21.64 8070
21.71 8678
21.84 11657
21.84 8274
21.87 12532
21.89 12306
21.94 8580
22.0 10954
22.04 8593
22.1 12706
22.11 10938
22.11 11687
22.13 13549
22.24 8467
22.26 11109
22.27 8117
22.37 12761
22.39 13512
22.39 13542
22.44 12087
22.44 12722
22.46 8288
22.54 12304
22.6 8080
22.7 10909
22.75 10936
22.84 12584
22.92 9727
22.95 8485
22.98 11329
23.03 11333
23.05 12723
23.05 12760
23.18 8848
23.23 8286
23.26 13625
23.31 12600
23.32 10508
23.34 11850
23.37 9839
23.4 12219
23.41 12281
23.47 10730
23.54 12231
23.69 10920
23.73 10712
23.78 10345
23.91 11884
23.99 11694
23.99 12319
24.11 8178
24.23 11095
24.23 11869
24.24 13753
24.26 11677
24.35 11897
24.41 13621
24.78 11129
24.8 11238
24.82 11110
24.92 12126
24.95 12122
24.99 11143
25.01 11662
25.03 10780
25.06 12054
25.08 9853
25.1 11868
25.18 11854
25.26 11914
25.4 12290
25.49 12594
25.55 11646
25.59 9820
25.61 13512
25.66 10480
25.9 11641
25.96 12700
25.99 12075
26.01 10922
26.04 11090
26.07 9739
26.16 8720
26.18 11153
26.27 12537
26.33 10525
26.51 8102
26.65 10494
26.74 8113
26.82 11253
26.9 12220
26.96 11624
27.23 11631
27.49 8255
27.55 9947
27.64 10513
27.65 10735
27.75 12697
28.09 10173
28.11 11123
28.12 12695
28.16 8252
28.21 11885
28.34 10475
28.55 13530
28.75 12684
29.19 11808
29.76 2500_03112023_Spec5601
29.94 11804
30.12 11360
30.19 10717
30.26 10460
30.9 11319
32.15 9381
9.48 8798